0x1:1100001 101101 1101101 1100001 101101 1100110 1100101 1101101 1101101 1100101 101101 1100101 1101110 1100100 1101111 1110010 1101101 1101001 1100101 101110 1110100 1111000 1110100
0x2:1010100 1110101 100000 1100100 1101111 1110010 1110011 100000 1100101 1101110 100000 1100011 1110010 1101111 1111001 1100001 1101110 1110100 100000 1110001 1110101 1100101 100000 1101101 1100101 1110011 100000 1110110 1100101 1110010 1110011 1010
0x3:1010110 1101111 1101110 1110100 100000 1100101 1101110 1100011 1101111 1101101 1100010 1110010 1100101 1110010 100000 1110100 1101111 1110101 1110100 100000 1101100 100111 1110101 1101110 1101001 1110110 1100101 1110010 1110011 1010
0x4:1000100 1100101 100000 1100100 11101001 1110011 1100001 1110011 1110100 1110010 1100101 1110011 100000 1100101 1110100 100000 1100100 100111 1101001 1101110 1100011 1100101 1101110 1100100 1101001 1100101 1110011 100000 111011 1010
0x5:1000101 1101100 1101100 1100101 1110011 100000 1110011 1101111 1101110 1110100 100000 1110011 1101001 100000 1110010 1100001 1110010 1100101 1110011 100000 1110000 1101111 1110101 1110010 1110100 1100001 1101110 1110100 1010
0x6:1001101 1100101 1110011 100000 1100011 1101000 1100001 1101110 1110011 1101111 1101110 1110011 100000 1100001 1110101 100000 1110011 1101111 1101100 1100101 1101001 1101100 100000 1100011 1101111 1110101 1100011 1101000 1100001 1101110 1110100 1010
0x7:1000101 1110100 100000 1101101 1100101 1110011 100000 1101100 1101111 1101001 1101110 1110100 1100001 1101001 1101110 1100101 1110011 100000 1101101 11101001 1101100 1101111 1100100 1101001 1100101 1110011 101110 1010
0x8:1010
0x9:1001101 1100001 1101001 1110011 100000 1110011 1101001 100000 1101010 1100101 100000 1100100 11101001 1110010 1100001 1101110 1100111 1100101 100000 1110000 1100001 1110010 1100110 1101111 1101001 1110011 1010
0xa:1001100 1100001 100000 1110011 11101001 1110010 11101001 1101110 1101001 1110100 11101001 100000 1100100 1100101 1110011 100000 1100011 1101001 1100101 1110101 1111000 100000 1100110 1110010 1101111 1101001 1100100 1110011 101100 1010
0xb:1010011 1101001 100000 1100100 1100101 1110011 100000 1110011 1101111 1101110 1110011 100000 1100100 100111 1100001 1100011 1101001 1100101 1110010 100000 1101111 1110101 100000 1100100 1100101 100000 1100011 1110101 1101001 1110110 1110010 1100101 1010
0xc:1001111 1110101 100000 1100100 100111 1101111 1110010 101100 100000 1110110 1101001 1100010 1110010 1100101 1101110 1110100 100000 1100100 1100001 1101110 1110011 100000 1101101 1100101 1110011 100000 1100011 1101000 1100001 1101110 1110011 1101111 1101110 1110011 101100 1010
0xd:1010000 1100001 1110010 1100100 1101111 1101110 1101110 1100101 100000 1100011 1100101 1110011 100000 1101000 1100001 1110101 1110100 1100101 1110011 100000 1100110 1100001 11100111 1101111 1101110 1110011 101100 1010
0xe:1000011 100111 1100101 1110011 1110100 100000 1110001 1110101 1100101 100000 1101010 1100101 100000 1101101 1100101 100000 1101000 11100010 1110100 1100101 100000 1100100 1100101 100000 1110110 1101001 1110110 1110010 1100101 101110 1010
0xf:1010
0x10:1000101 1110100 100000 1110000 1110101 1101001 1110011 100000 1110100 1110101 100000 1101101 100111 1100001 1101001 1101101 1100101 1110010 1100001 1110011 100000 1110100 1101111 1110101 1101010 1101111 1110101 1110010 1110011 101110 1010
0x11:11001001 1110100 1100101 1110010 1101110 1100101 1101100 1101100 1100101 1110011 100000 1110011 1101111 1101110 1110100 100000 1101100 1100101 1110011 100000 1100001 1101101 1101111 1110101 1110010 1110011 1010
0x12:1000100 1101111 1101110 1110100 100000 1101101 1100001 100000 1101101 11101001 1101101 1101111 1101001 1110010 1100101 100000 1100101 1110011 1110100 100000 1101100 1100101 100000 1110010 1100101 1110000 1100001 1101001 1110010 1100101 100000 111011 1010
0x13:1001110 1101111 1110011 100000 1100101 1101110 1100110 1100001 1101110 1110100 1110011 100000 1110011 1100101 1110010 1101111 1101110 1110100 100000 1100100 1100101 100000 1100110 1101001 1100101 1110010 1110011 100000 1100111 1100001 1110011 1010
0x14:1010001 1110101 1101001 100000 1110010 11101001 1110000 1100001 1110010 1100101 1110010 1101111 1101110 1110100 100000 1101100 1100101 1110011 100000 1100100 11101001 1100111 11100010 1110100 1110011 101100 1010
0x15:1010001 1110101 1100101 100000 1100100 1100001 1101110 1110011 100000 1110100 1100001 100000 1110110 1101001 1100101 100000 1100001 100000 1100110 1100001 1101001 1110100 1110011 100000 1101100 1100101 1110101 1110010 100000 1110000 11101000 1110010 1100101 101110 1010
0x16:1010
0x17:1001001 1101100 1110011 100000 1100100 1101111 1110010 1101101 1100101 1101110 1110100 100000 1110011 1100001 1101110 1110011 100000 1110010 11101010 1110110 1100101 1110010 100000 11100000 100000 1110010 1101001 1100101 1101110 101100 1010
0x18:1000100 1100001 1101110 1110011 100000 1101100 1100101 100000 1101110 1110101 1100001 1100111 1100101 100000 1100001 11101001 1110010 1101001 1100101 1101110 1010
0x19:1000100 1100101 1110011 100000 1100011 1101000 1100101 1110110 1100101 1110101 1111000 100000 1110011 1110101 1110010 100000 1101100 1100101 1110101 1110010 1110011 100000 1100110 1101001 1101110 1100101 1110011 100000 1110100 11101010 1110100 1100101 1110011 100000 111011 1010
0x1a:1000101 1110100 100000 1110100 1101111 1101001 101100 100000 1110000 1110010 11101000 1110011 100000 1100100 100111 1100101 1110101 1111000 101100 100000 1110100 1110101 100000 1100100 1101111 1110010 1110011 100000 1100001 1110101 1110011 1110011 1101001 101100 1010
0x1b:1000001 1111001 1100001 1101110 1110100 100000 1101111 1110101 1100010 1101100 1101001 11101001 101100 100000 1101100 1100101 100000 1110011 1101111 1110101 1100011 1101001 1010
0x1c:1000100 1100101 100000 1110100 1101111 1110101 1110100 100000 1110100 1110010 1100001 1110110 1100001 1101001 1101100 101100 100000 1100100 1100101 100000 1110100 1101111 1110101 1110100 1100101 1110011 100000 1100100 1100101 1110100 1110100 1100101 1110011 101110 1010
0x1d:1010
0x1e:1001101 1101111 1101001 100000 1101010 1100101 100000 1110110 1100101 1101001 1101100 1101100 1100101 100000 1100101 1110100 100000 1101010 1100101 100000 1100110 1100001 1101001 1110011 100000 1100011 1100101 1110011 100000 1110110 1100101 1110010 1110011 1010
0x1f:1010001 1110101 1101001 100000 1101100 1100001 1101001 1110011 1110011 1100101 1110010 1101111 1101110 1110100 100000 1110100 1101111 1110101 1110100 100000 1101100 100111 1110101 1101110 1101001 1110110 1100101 1110010 1110011 1010
0x20:1010011 1100001 1101110 1110011 100000 1100100 11101001 1110011 1100001 1110011 1110100 1110010 1100101 100000 1100101 1110100 100000 1110011 1100001 1101110 1110011 100000 1101001 1101110 1100011 1100101 1101110 1100100 1101001 1100101 100000 111011 1010
0x21:1000101 1110100 100000 1100100 1100101 1101101 1100001 1101001 1101110 101100 100000 1100001 1110101 100000 1110011 1101111 1101100 1100101 1101001 1101100 100000 1101101 1101111 1101110 1110100 1100001 1101110 1110100 1010
0x22:1010100 1110101 100000 1110011 1101111 1110101 1110010 1101001 1110010 1100001 1110011 100000 1100101 1101110 100000 11101001 1100011 1101111 1110101 1110100 1100001 1101110 1110100 1010
0x23:1000011 1100101 1110100 1110100 1100101 100000 1110100 1110010 1100001 1101110 1110001 1110101 1101001 1101100 1101100 1100101 100000 1101101 11101001 1101100 1101111 1100100 1101001 1100101 101110 1010
0x24:1101101 1110101 1110011 1101001 1110001 1110101 1100101 1011111 1100110 1100001 1110110 1110011 101110 1110100 1111000 1110100
0x25:1010010 1101001 1101000 1100001 1101110 1101110 1100001 100000 101101 100000 1001100 1101001 1100110 1110100 100000 1001101 1100101 100000 1010101 1110000 1010
0x26:1010011 1100001 1101101 100000 1010011 1101101 1101001 1110100 1101000 101100 100000 1001011 1101001 1101101 100000 1010000 1100101 1110100 1110010 1100001 1110011 100000 101101 100000 1010101 1101110 1101000 1101111 1101100 1111001 1010
0x27:1001101 1101001 1101100 1100101 1111001 100000 1000011 1111001 1110010 1110101 1110011 100000 101101 100000 1000110 1101100 1101111 1110111 1100101 1110010 1110011 1010
0x28:1001011 1100001 1110010 1101111 1101100 100000 1000111 100000 1100110 1110100 101110 100000 1010011 1101000 1100001 1101011 1101001 1110010 1100001 100000 101101 100000 1010100 1010001 1000111 1010
0x29:1010000 1101001 1101110 1101011 100000 101101 100000 1010100 1010010 1010101 1010011 1010100 1000110 1000001 1001100 1001100 1010
0x2a:1000101 1100100 100000 1010011 1101000 1100101 1100101 1110010 1100001 1101110 101100 100000 1010000 1101111 1101011 11101001 1101101 1101111 1101110 100000 101101 100000 1000011 1100101 1101100 1100101 1110011 1110100 1101001 1100001 1101100 1010
0x2b:1001101 11100101 1101110 1100101 1110011 1101011 1101001 1101110 100000 101101 100000 1010100 1001000 1000101 100000 1001100 1001111 1001110 1000101 1001100 1001001 1000101 1010011 1010100 1010
0x2c:1001011 1100101 1101110 1100100 1101010 1101001 100000 1000111 1101001 1110010 1100001 1100011 100000 1100101 1110100 100000 1010110 1101001 1100001 1101110 1101110 1100101 1111001 100000 101101 100000 1001100 1100101 100000 1000110 1100101 1110101 1010
0x2d:1010110 1101001 1100001 1101110 1101110 1100101 1111001 100000 1100110 1110100 101110 100000 1000101 1100100 100000 1010011 1101000 1100101 1100101 1110010 1100001 1101110 100000 101101 100000 1000011 1100001 1101100 1101100 100000 1001111 1101110 100000 1001101 1100101 1010
0x2e:1000010 1100101 1101110 1110011 1101111 1101110 100000 1000010 1101111 1101111 1101110 1100101 100000 100110 100000 1010000 1101000 1101001 1101100 1101001 1110000 1110000 1101001 1101110 1100101 100000 1001100 1100001 1110110 1110010 1100101 1111001 100000 101101 100000 1001001 1101110 100000 1010100 1101000 1100101 100000 1010011 1110100 1100001 1110010 1110011 100000 101000 1000110 1110010 1100101 1101110 1100011 1101000 100000 1010110 1100101 1110010 1110011 1101001 1101111 1101110 101001 1010
0x2f:1001100 1101001 1101100 100000 1001110 1100001 1110011 100000 1011000 100000 101101 100000 1010011 1010100 1000001 1010010 100000 1010111 1000001 1001100 1001011 1001001 1001110 100111 100000 101000 1001100 1100101 1100001 1100111 1110101 1100101 100000 1101111 1100110 100000 1001100 1100101 1100111 1100101 1101110 1100100 1110011 100000 1010111 1101111 1110010 1101100 1100100 1110011 100000 1000001 1101110 1110100 1101000 1100101 1101101 101001 1010
0x30:1000100 1100101 1110010 1101101 1101111 1110100 100000 1001011 1100101 1101110 1101110 1100101 1100100 1111001 100000 101101 100000 1001011 1101001 1110011 1110011 100000 1001101 1100101 1010
0x31:1000011 1100001 1101100 1110110 1101001 1101110 100000 1001000 1100001 1110010 1110010 1101001 1110011 100000 101101 100000 1001101 1101001 1110010 1100001 1100011 1101100 1100101 100000 1100110 1110100 100000 1000101 1101100 1101100 1101001 1100101 100000 1000111 1101111 1110101 1101100 1100100 1101001 1101110 1100111 1010
0x32:1001100 1101111 1110010 1100101 1100101 1101110 100000 101101 100000 1010100 1100001 1110100 1110100 1101111 1101111 100000 101000 1000101 1110101 1110010 1101111 1110110 1101001 1110011 1101001 1101111 1101110 100000 110010 110000 110010 110011 101001 1010
0x33:1010100 1101000 1100101 100000 1010111 1100101 1100101 1101011 1101110 1100100 100000 101101 100000 1000011 1110010 1100101 1100101 1110000 1101001 1101110 100111 100000 1100110 1110100 101110 100000 1001101 1100101 1110100 1110010 1101111 100000 1000010 1101111 1101111 1101101 1101001 1101110 100000 100110 100000 110010 110001 100000 1010011 1100001 1110110 1100001 1100111 1100101 1010
0x34:1010100 1100001 1111001 1101100 1101111 1110010 100000 1010011 1110111 1101001 1100110 1110100 100000 101101 100000 1000001 1101110 1110100 1101001 101101 1001000 1100101 1110010 1101111 1010
0x35:1000100 1100001 1110110 1101001 1100100 100000 1000111 1110101 1100101 1110100 1110100 1100001 100000 100110 100000 1000010 1100101 1100010 1100101 100000 1010010 1100101 1111000 1101000 1100001 100000 101101 100000 1001001 100111 1101101 100000 1000111 1101111 1101111 1100100 100000 101000 1000010 1101100 1110101 1100101 101001 1010
0x36:1010010 1101001 1100100 1110011 1100001 100000 101101 100000 1001110 1101111 1110101 1110011 100000 1100100 1100101 1110101 1111000 1010
0x37:1000011 1100001 1101100 1100101 1101101 1100001 100000 101101 100000 1010100 1100101 100000 1000001 1101101 1101111 100000 101000 1110010 1100101 1101101 1101001 1111000 101001 1010
0x38:1010000 1101001 1100101 1110010 1110010 1100101 100000 1100100 1100101 100000 1001101 1100001 1100101 1110010 1100101 100000 101101 100000 1010101 1101110 100000 1101010 1101111 1110101 1110010 100000 1101010 1100101 100000 1101101 1100001 1110010 1101001 1100101 1110010 1100001 1101001 100000 1110101 1101110 100000 1100001 1101110 1100111 1100101 1010
0x39:1001111 1100110 1100101 1101110 1100010 1100001 1100011 1101000 100000 101101 100000 1001100 1101111 1110110 1100101 100000 1001101 1100101 100000 1001110 1101111 1110111 100000 1100110 1110100 101110 100000 1000110 1100001 1110011 1110100 100000 1000010 1101111 1111001 1010
0x3a:1000010 1100101 1111001 1101111 1101110 1100011 11101001 100000 101101 100000 1000011 1010101 1000110 1000110 100000 1001001 1010100 1010
0x3b:1010011 1101111 1110000 1110010 1100001 1101110 1101111 100000 101101 100000 110011 110110 110001 110101 100000 1000010 1101111 1101110 1101000 1100101 1110101 1110010 1010
0x3c:1010010 1101111 1110011 1100001 100000 1001100 1101001 1101110 1101110 100000 101101 100000 1010011 1101110 1100001 1110000 1010
0x3d:1001011 1000001 1010010 1001111 1001100 100000 1000111 100000 1100110 1110100 101110 100000 1001111 1110110 1111001 100000 1001111 1101110 100000 1010100 1101000 1100101 100000 1000100 1110010 1110101 1101101 1110011 100000 101101 100000 1000011 1100001 1101001 1110010 1101111 1010
0x3e:1000001 1111001 1110010 1100001 100000 1010011 1110100 1100001 1110010 1110010 100000 101101 100000 1010010 1110101 1110011 1101000 1010
0x3f:1000100 1100001 1100100 1101010 1110101 100000 1100110 1110100 101110 100000 1010000 1001100 1001011 100000 101101 100000 1010011 1100001 1101001 1100111 1101110 1100101 1010
0x40:1010011 1101000 1100001 1101011 1101001 1110010 1100001 100000 101101 100000 1000010 1011010 1010010 1010000 100000 1100110 1110100 101110 100000 1000010 1101001 1111010 1100001 1110010 1110010 1100001 1110000 1010
0x41:1001100 1101001 1100010 1101001 1100001 1101110 1100011 1100001 100000 101101 100000 1010000 1100101 1101111 1110000 1101100 1100101 100000 101000 1000011 1101000 1100101 1100011 1101011 100000 1001111 1101110 100000 1001101 1100101 101001 1010
0x42:1010011 1101100 1101001 1101101 1100001 1101110 1100101 100000 101101 100000 1000100 1100101 1110011 100000 1101101 1101001 1101100 1101100 1101001 1100101 1110010 1110011 100000 1100100 1100101 100000 1101010 1100101 100000 1110100 10000000011001 1100001 1101001 1101101 1100101 1010
0x43:1000100 1100001 1110110 1101001 1100100 100000 1000111 1110101 1100101 1110100 1110100 1100001 101100 100000 1000001 1101110 1101110 1100101 101101 1001101 1100001 1110010 1101001 1100101 101100 100000 1000011 1101111 1101001 100000 1001100 1100101 1110010 1100001 1111001 100000 101101 100000 1000010 1100001 1100010 1111001 100000 1000100 1101111 1101110 10000000011001 1110100 100000 1001000 1110101 1110010 1110100 100000 1001101 1100101 100000 101000 1110010 1100101 1110000 1110010 1101001 1110011 1100101 100000 1001000 1100001 1100100 1100100 1100001 1110111 1100001 1111001 101001 1010
0x44:1001100 1101111 1110101 1100001 1101110 1100101 100000 101101 100000 1010011 1100101 1100011 1110010 1100101 1110100 1010
0x45:1010010 1101111 1110011 1100001 1101100 11101101 1100001 100000 101101 100000 1000100 1100101 1110011 1110000 1100101 1100011 1101000 11100001 1010
0x46:1001100 1101001 1111010 1111010 1101111 100000 101101 100000 110010 100000 1000010 1100101 100000 1001100 1101111 1110110 1100101 1100100 100000 101000 1000001 1101101 100000 1001001 100000 1010010 1100101 1100001 1100100 1111001 101001 1010
0x47:1000001 1101001 1101101 1100101 100000 1010011 1101001 1101101 1101111 1101110 1100101 100000 101101 100000 1010011 1101000 1101001 1101110 1101001 1101110 1100111 100000 1001100 1101001 1100111 1101000 1110100 100000 101000 1101101 1110101 1110011 1101001 1110001 1110101 1100101 100000 1010000 1010101 1000010 100000 1001100 1100101 1110010 1101111 1111001 100000 1001101 1100101 1110010 1101100 1101001 1101110 101001 1010
0x48:1000101 1100100 100000 1010011 1101000 1100101 1100101 1110010 1100001 1101110 100000 101101 100000 1000101 1111001 1100101 1110011 100000 1000011 1101100 1101111 1110011 1100101 1100100 1010
0x49:1000011 1100101 1101110 1110100 1110010 1100001 1101100 100000 1000011 1100101 1100101 100000 101101 100000 1001100 1100101 1110100 100000 1000111 1101111 100000 101000 1110010 1100101 1110000 1110010 1101001 1110011 1100101 100000 1001100 1100101 1110100 100000 1001000 1100101 1110010 100000 1000111 1101111 100000 1100100 1100101 100000 1010000 1100001 1110011 1110011 1100101 1101110 1100111 1100101 1110010 101001 1010
0x4a:1001010 1101111 1100101 1101100 100000 1000011 1101111 1110010 1110010 1111001 100000 100110 100000 1010100 1101111 1101101 100000 1000111 1110010 1100101 1101110 1101110 1100001 1101110 100000 101101 100000 1001100 1101001 1101111 1101110 1101000 1100101 1100001 1110010 1110100 100000 101000 1000110 1100101 1100001 1110010 1101100 1100101 1110011 1110011 101001 1010
0x4b:1000011 1001011 1100001 1111001 100000 101101 100000 1001100 1101111 1110110 1100101 100000 1001110 1110111 1100001 1101110 1110100 1101001 1110100 1101001 100000 101000 1000001 1101000 100000 1000001 1101000 100000 1000001 1101000 101001 100000 1010010 1100101 1101101 1101001 1111000 1010
0x4c:1000100 1100001 1110110 1101001 1100100 100000 1001011 1110101 1110011 1101000 1101110 1100101 1110010 100000 101101 100000 1000100 1100001 1111001 1101100 1101001 1100111 1101000 1110100 1010
0x4d:1000010 1101100 1100001 1100011 1101011 100000 1000101 1111001 1100101 1100100 100000 1010000 1100101 1100001 1110011 101100 100000 1010011 1101000 1100001 1101011 1101001 1110010 1100001 101100 100000 1000100 1100001 1110110 1101001 1100100 100000 1000111 1110101 1100101 1110100 1110100 1100001 100000 101101 100000 1000100 1001111 1001110 100111 1010100 100000 1011001 1001111 1010101 100000 1010111 1001111 1010010 1010010 1011001 1010
0x4e:1001101 101110 100000 1010000 1101111 1101011 1101111 1110010 1100001 100000 101101 100000 1000100 11101001 1101010 11100000 100000 1010110 1101111 1101100 11101001 1010
0x4f:1000001 1100100 1100101 1101100 1100101 100000 101101 100000 1000101 1100001 1110011 1111001 100000 1001111 1101110 100000 1001101 1100101 1010
0x50:1010011 1001000 1001111 1010101 1010011 1000101 100000 101101 100000 1010111 1101111 1101110 100111 1110100 100000 1000110 1101111 1110010 1100111 1100101 1110100 100000 1011001 1101111 1110101 1010
0x51:1000011 1101111 1101100 1100100 1110000 1101100 1100001 1111001 100000 1100110 1110100 101110 100000 1010011 1100101 1101100 1100101 1101110 1100001 100000 1000111 1101111 1101101 1100101 1111010 100000 101101 100000 1001100 1100101 1110100 100000 1010011 1101111 1101101 1100101 1100010 1101111 1100100 1111001 100000 1000111 1101111 1010
0x52:1010010 1101001 1100100 1110011 1100001 100000 101101 100000 1010011 1100001 1101110 1110100 1100001 100000 1001101 1100001 1110010 1101001 1100001 1010
0x53:1001011 1100101 1101110 1100100 1101010 1101001 100000 1000111 1101001 1110010 1100001 1100011 100000 101101 100000 1000101 1110110 1100001 1010
0x54:1001111 1101100 1101001 1110110 1100101 1110010 100000 1010100 1110010 1100101 1100101 100000 100110 100000 1010010 1101111 1100010 1101001 1101110 100000 1010011 1100011 1101000 1110101 1101100 1111010 100000 101101 100000 1001101 1101001 1110011 1110011 100000 1011001 1101111 1110101 1010
0x55:1001000 1100001 1110010 1110010 1111001 100000 1010011 1110100 1111001 1101100 1100101 1110011 100000 101101 100000 1001100 1100001 1110100 1100101 100000 1001110 1101001 1100111 1101000 1110100 100000 1010100 1100001 1101100 1101011 1101001 1101110 1100111 1010
0x56:1000111 1101001 1101101 1110011 100000 1100110 1110100 101110 100000 1010011 1101111 1101111 1101100 1101011 1101001 1101110 1100111 100000 101101 100000 1000001 1110000 1110010 11101000 1110011 100000 1010110 1101111 1110101 1110011 100000 1001101 1100001 1100100 1100001 1101101 1100101 1010
0x57:1101101 1111001 1110000 1100001 1110011 1110011 1110111 1101111 1110010 1100100 1110011 101110 1110100 1111000 1110100
0x58:100110 100110 100110 100110 100110 100000 1000011 1101111 1101101 1110000 1110100 1100101 100000 1000111 1101101 1100001 1101001 1101100 100000 100110 100110 100110 100110 100110 1010
0x59:1101101 1100001 1101001 1101100 111010 100000 1101010 1101111 1101110 1100001 1110100 1101000 1100001 1101110 101110 1100101 1111000 1100001 1101101 1110000 1101100 1100101 110110 110011 1000000 1100111 1101101 1100001 1101001 1101100 101110 1100011 1101111 1101101 1010
0x5a:1101101 1100100 1110000 111010 100000 1101010 1100101 1010011 1110101 1101001 1110011 1001100 1100101 1001101 1100101 1101001 1101100 1101100 1100101 1110101 1110010 1010
0x5b:1010
0x5c:100110 100110 100110 100110 100110 100000 1000011 1101111 1101101 1110000 1110100 1100101 100000 1100111 1101001 1110100 1101000 1110101 1100010 100000 100110 100110 100110 100110 100110 1010
0x5d:1101100 1101111 1100111 1101001 1101110 111010 100000 1101010 1101111 1101110 1100001 1110100 1101000 1100001 1101110 1000111 1110010 1101111 1110011 1000010 1100111 1010
0x5e:1101101 1100100 1110000 111010 100000 1110110 1110010 1100001 1101001 1101101 1100101 1101110 1110100 1001100 1100101 1001101 1100101 1101001 1101100 1101100 1100101 1110101 1110010 1010
0x5f:1101110 1101111 1110100 1100101 1011111 1100100 1100101 1011111 1100011 1101111 1110101 1110010 1110011 101110 1110100 1111000 1110100
0x60:100110 100110 100110 100110 100110 100110 100110 100110 100110 100110 100110 100110 100110 100110 100110 100110 100110 100110 100110 100110 100110 100110 100110 100110 100110 100110 100110 100110 100110 100110 100110 100110 100110 100110 100110 100110 100110 100110 100110 100110 100110 100110 100110 100110 100110 100110 100110 1010
0x61:100110 100110 100110 100110 100110 100000 100000 100000 100000 100000 100000 100000 100000 100000 100000 100000 100000 100000 100000 1010011 11101001 1100011 1110101 1110010 1101001 1110100 11101001 100000 100000 100000 100000 100000 100000 100000 100000 100000 100000 100000 100000 100000 100000 100000 100110 100110 100110 100110 100110 1010
0x62:100110 100110 100110 100110 100110 100110 100110 100110 100110 100110 100110 100110 100110 100110 100110 100110 100110 100110 100110 100110 100110 100110 100110 100110 100110 100110 100110 100110 100110 100110 100110 100110 100110 100110 100110 100110 100110 100110 100110 100110 100110 100110 100110 100110 100110 100110 100110 1010
0x63:1100110 1100001 1110101 1110100 100000 1110000 1100001 1110011 100000 11101001 1100011 1110010 1101001 1110010 1100101 100000 1101100 1100101 1110011 100000 1101101 1100100 1110000 1110011 1010
0x64:110001 110010 100000 1100011 1100001 1110010 1100001 1100011 1110100 11101000 1110010 1100101 1110011 1010
0x65:1100011 1101000 1101001 1100110 1100110 1110010 1100101 1110011 101011 1101100 1100101 1110100 1110100 1110010 1100101 1110011 1010
0x66:1110000 1100001 1110011 100000 1100100 1100101 100000 1101101 1101111 1110100 1110011 100000 1100100 1110101 100000 1100100 1101001 1100011 1101111 100000 111101 111110 100000 1101111 1101110 100000 1110000 1100101 1110101 1110100 100000 1101100 1100101 1110011 100000 1100100 1100101 1100110 1101111 1110010 1101101 1100101 1110010 1010
0x67:1010
0x68:100110 100110 100110 100110 100110 100110 100110 100110 100110 100110 100110 100110 100110 100110 100110 100110 100110 100110 100110 100110 100110 100110 100110 100110 100110 100110 100110 100110 100110 100110 100110 100110 100110 100110 100110 100110 100110 100110 100110 100110 100110 100110 100110 100110 100110 100110 100110 100110 1010
0x69:100110 100110 100110 100110 100110 100000 100000 100000 100000 100000 100000 100000 100000 100000 100000 100000 100000 100000 100000 100000 100000 1001101 1100001 1110100 1101000 1110011 100000 100000 100000 100000 100000 100000 100000 100000 100000 100000 100000 100000 100000 100000 100000 100000 100000 100110 100110 100110 100110 100110 1010
0x6a:100110 100110 100110 100110 100110 100110 100110 100110 100110 100110 100110 100110 100110 100110 100110 100110 100110 100110 100110 100110 100110 100110 100110 100110 100110 100110 100110 100110 100110 100110 100110 100110 100110 100110 100110 100110 100110 100110 100110 100110 100110 100110 100110 100110 100110 100110 100110 100110 1010
0x6b:1001010 100111 1100001 1101001 100000 1110000 1100001 1110011 100000 11101001 1100011 1101111 1110101 1110100 11101001 1010
0x6c:1101010 1100101 100000 1100100 1100101 1101101 1100001 1101110 1100100 1100101 1110010 1100001 1101001 100000 11100000 100000 1010010 1100001 1111001 1101000 1100001 1101110 1010
0x6d:1010
0x6e:100110 100110 100110 100110 100110 100110 100110 100110 100110 100110 100110 100110 100110 100110 100110 100110 100110 100110 100110 100110 100110 100110 100110 100110 100110 100110 100110 100110 100110 100110 100110 100110 100110 100110 100110 100110 100110 100110 100110 100110 100110 100110 100110 100110 100110 100110 100110 100110 1010
0x6f:100110 100110 100110 100110 100110 100000 100000 100000 100000 100000 100000 100000 100000 100000 100000 100000 100000 100000 100000 100000 1000001 1101110 1100111 1101100 1100001 1101001 1110011 100000 100000 100000 100000 100000 100000 100000 100000 100000 100000 100000 100000 100000 100000 100000 100000 100110 100110 100110 100110 100110 1010
0x70:100110 100110 100110 100110 100110 100110 100110 100110 100110 100110 100110 100110 100110 100110 100110 100110 100110 100110 100110 100110 100110 100110 100110 100110 100110 100110 100110 100110 100110 100110 100110 100110 100110 100110 100110 100110 100110 100110 100110 100110 100110 100110 100110 100110 100110 100110 100110 100110 1010
0x71:1100001 1101110 1101001 1101101 1100001 1101100 100000 111101 100000 1100001 1101110 1101001 1101101 1100001 1101100 1010
0x72:1100010 1101001 1110010 1100100 100000 111101 100000 1101111 1101001 1110011 1100101 1100001 1110101 1010
0x73:1100100 1101111 1100111 100000 111101 100000 1100011 1101000 1101001 1100101 1101110 1010
0x74:1100110 1101001 1110011 1101000 100000 111101 100000 1110000 1101111 1101001 1110011 1110011 1101111 1101110 1010
0x75:1100110 1101111 1101111 1100100 100000 111101 100000 1101110 1101111 1110101 1110010 1110010 1101001 1110100 1110101 1110010 1100101 1010
0x76:1101000 1101111 1110010 1110011 1100101 100000 111101 100000 1100011 1101000 1100101 1110110 1100001 1101100 1010
0x77:1110100 1100001 1101001 1101100 100000 111101 100000 1110001 1110101 1100101 1110101 1100101 1010
0x78:1101100 1101001 1100111 1101000 1110100 100000 111101 100000 1101100 1110101 1101101 1101001 11101000 1110010 1100101 1010
0x79:1110011 1110101 1101110 100000 111101 100000 1110011 1101111 1101100 1100101 1101001 1101100 1010
0x7a:1110011 1101110 1101111 1110111 100000 111101 100000 1101110 1100101 1101001 1100111 1100101 1010
0x7b:1100110 1101001 1101100 1101101 1110011 1011111 1100110 1100001 1110110 1110011 101110 1110100 1111000 1110100
0x7c:110001 101101 100000 1001100 1100101 100000 1010000 1100001 1110010 1110010 1100001 1101001 1101110 100000 101000 110001 111001 110111 110010 101001 1010
0x7d:110010 101101 100000 1010011 1110100 1100001 1110010 100000 1010111 1100001 1110010 1110011 101100 100000 11101001 1110000 1101001 1110011 1101111 1100100 1100101 100000 1010110 111010 100000 1001100 100111 1000101 1101101 1110000 1101001 1110010 1100101 100000 1100011 1101111 1101110 1110100 1110010 1100101 101101 1100001 1110100 1110100 1100001 1110001 1110101 1100101 100000 101000 110001 111001 111000 110000 101001 1010
0x7e:110011 101101 100000 1010100 1101000 1100101 100000 1000100 1100001 1110010 1101011 100000 1001011 1101110 1101001 1100111 1101000 1110100 100000 101000 110010 110000 110000 111000 101001 1010
0x7f:110100 101101 100000 1001100 1100101 1110011 100000 11101001 1110110 1100001 1100100 11101001 1110011 100000 101000 110001 111001 111001 110100 101001 1010
0x80:110101 101101 100000 1010000 1110101 1101100 1110000 100000 1000110 1101001 1100011 1110100 1101001 1101111 1101110 100000 101000 110001 111001 111001 110100 101001 1010
0x81:110110 101101 100000 1001100 1100101 1110011 100000 1000001 1100110 1100110 1110010 1100001 1101110 1100011 1101000 1101001 1110011 100000 101000 110001 111001 111001 110000 101001 1010
0x82:110111 101101 100000 1001100 1100101 1110011 100000 1000001 1110110 1100101 1101110 1110100 1110101 1110010 1101001 1100101 1110010 1110011 100000 1100100 1100101 100000 1101100 100111 1100001 1110010 1100011 1101000 1100101 100000 1110000 1100101 1110010 1100100 1110101 1100101 100000 101000 110001 111001 111000 110001 101001 1010
0x83:111000 101101 100000 1001100 1100101 1110011 100000 1000100 1100101 1101110 1110100 1110011 100000 1100100 1100101 100000 1101100 1100001 100000 1101101 1100101 1110010 100000 101000 110001 111001 110111 110101 101001 1010
0x84:111001 101101 100000 1010011 1110100 1100001 1110010 100000 1010111 1100001 1110010 1110011 101100 100000 11101001 1110000 1101001 1110011 1101111 1100100 1100101 100000 1001001 1010110 100000 111010 100000 1010101 1101110 100000 1101110 1101111 1110101 1110110 1100101 1101100 100000 1100101 1110011 1110000 1101111 1101001 1110010 100000 101000 110001 111001 110111 110111 101001 1010
0x85:110001 110000 101101 100000 1001100 1100101 100000 1010011 1100101 1101001 1100111 1101110 1100101 1110101 1110010 100000 1100100 1100101 1110011 100000 1100001 1101110 1101110 1100101 1100001 1110101 1111000 100000 111010 100000 1001100 1100001 100000 1000011 1101111 1101101 1101101 1110101 1101110 1100001 1110101 1110100 11101001 100000 1100100 1100101 100000 1101100 100111 1100001 1101110 1101110 1100101 1100001 1110101 100000 101000 110010 110000 110000 110001 101001 1010
0x86:110001 110001 101101 100000 1010010 1100101 1110100 1101111 1110101 1110010 100000 1110110 1100101 1110010 1110011 100000 1101100 1100101 100000 1100110 1110101 1110100 1110101 1110010 100000 101000 110001 111001 111000 110101 101001 1010
0x87:110001 110010 101101 100000 1001100 1100101 100000 1010000 1100001 1110010 1110010 1100001 1101001 1101110 101100 100000 110010 1100101 100000 1110000 1100001 1110010 1110100 1101001 1100101 100000 101000 110001 111001 110111 110100 101001 1010
0x88:110001 110011 101101 100000 1000010 1101100 1100001 1100100 1100101 100000 1010010 1110101 1101110 1101110 1100101 1110010 100000 101000 110001 111001 111000 110010 101001 1010
0x89:110001 110100 101101 100000 1000001 1101100 1101001 1100101 1101110 100000 101000 110001 111001 110111 111001 101001 1010
0x8a:110001 110101 101101 100000 1000001 1101100 1101001 1100101 1101110 1110011 100000 101000 110001 111001 111000 110110 101001 1010
0x8b:110001 110110 101101 100000 1001100 1100101 100000 1010011 1100101 1101001 1100111 1101110 1100101 1110101 1110010 100000 1100100 1100101 1110011 100000 1100001 1101110 1101110 1100101 1100001 1110101 1111000 111010 100000 1001100 1100101 100000 1010010 1100101 1110100 1101111 1110101 1110010 100000 1100100 1110101 100000 1110010 1101111 1101001 100000 101000 110010 110000 110000 110011 101001 1010
0x8c:110001 110111 101101 100000 1000110 1101001 1100111 1101000 1110100 100000 1000011 1101100 1110101 1100010 100000 1100100 1100101 100000 1000100 1100001 1110110 1101001 1100100 100000 1000110 1101001 1101110 1100011 1101000 1100101 1110010 100000 101000 110001 111001 111001 111001 101001 1010
0x8d:110001 111000 101101 100000 1001001 1101110 1100011 1100101 1110000 1110100 1101001 1101111 1101110 100000 101000 110010 110000 110001 110000 101001 1010
0x8e:110001 111001 101101 100000 1001010 1110101 1110010 1110010 1100001 1110011 1101001 1100011 100000 1010000 1100001 1110010 1101011 100000 101000 110001 111001 111001 110011 101001 1010
0x8f:110010 110000 101101 100000 1000100 1101001 1100101 100000 1001000 1100001 1110010 1100100 101100 100000 1010000 1101001 11101000 1100111 1100101 100000 1100100 1100101 100000 1100011 1110010 1101001 1110011 1110100 1100001 1101100 100000 101000 110001 111001 111000 111000 101001 1010
0x90:110010 110001 101101 100000 110010 110000 110000 110001 111010 100000 1101100 100111 1001111 1100100 1111001 1110011 1110011 11101001 1100101 100000 1100100 1100101 100000 1101100 100111 1100101 1110011 1110000 1100001 1100011 1100101 100000 101000 110001 111001 110110 111000 101001 1010
0x91:110010 110010 101101 100000 1000001 1110000 1101111 1100011 1100001 1101100 1111001 1110000 1110011 1100101 100000 1001110 1101111 1110111 100000 101000 110001 111001 110111 111001 101001 1010
0x92:110010 110011 101101 100000 1001100 1100101 100000 1010011 1100101 1101001 1100111 1101110 1100101 1110101 1110010 100000 1100100 1100101 1110011 100000 1100001 1101110 1101110 1100101 1100001 1110101 1111000 100000 101000 100000 110010 110000 110000 110010 101001 1010
0x93:110010 110100 101101 100000 1001101 1100001 1110100 1110010 1101001 1111000 100000 101000 110001 111001 111001 111001 101001 1010
0x94:110010 110101 101101 100000 1010100 1100101 1110010 1101101 1101001 1101110 1100001 1110100 1101111 1110010 100000 110010 111010 100000 1001100 1100101 100000 1001010 1110101 1100111 1100101 1101101 1100101 1101110 1110100 100000 1100100 1100101 1110010 1101110 1101001 1100101 1110010 100000 101000 110001 111001 111001 110001 101001 1010
0x95:110010 110110 101101 100000 1001000 1100101 1100001 1110100 100000 101000 110001 111001 111001 110110 101001 1010
0x96:110010 110111 101101 100000 1001100 1100101 100000 1000010 1101111 1101110 101100 100000 1101100 1100001 100000 1000010 1110010 1110101 1110100 1100101 100000 1100101 1110100 100000 1101100 1100101 100000 1010100 1110010 1110101 1100001 1101110 1100100 100000 101000 110001 111001 110110 111000 101001 1010
0x97:110010 111000 101101 100000 1000011 1100001 1110011 1100001 1100010 1101100 1100001 1101110 1100011 1100001 100000 101000 110001 111001 110100 110111 101001 1010
0x98:110010 111001 101101 100000 1010100 1101000 1100101 100000 1000010 1101001 1100111 100000 1001100 1100101 1100010 1101111 1110111 1110011 1101011 1101001 100000 101000 110001 111001 111001 111000 101001 1010
0x99:110011 110000 101101 100000 1010011 1100101 1110110 1100101 1101110 100000 101000 110001 111001 111001 110110 101001 1010
0x9a:110011 110001 101101 100000 1010100 1100001 1111000 1101001 100000 1000100 1110010 1101001 1110110 1100101 1110010 100000 101000 110001 111001 110111 110110 101001 1010
0x9b:110011 110010 101101 100000 1010101 1110011 1110101 1100001 1101100 100000 1010011 1110101 1110011 1110000 1100101 1100011 1110100 1110011 100000 101000 110001 111001 111001 110101 101001 1010
0x9c:110011 110011 101101 100000 1001100 1100001 100000 1001100 1101001 1110011 1110100 1100101 100000 1100100 1100101 100000 1010011 1100011 1101000 1101001 1101110 1100100 1101100 1100101 1110010 100000 101000 110001 111001 111001 110100 101001 1010
0x9d:110011 110100 101101 100000 1001100 1100101 1110011 100000 1000111 1100001 1110010 1100100 1101001 1100101 1101110 1110011 100000 1100100 1100101 100000 1101100 1100001 100000 1000111 1100001 1101100 1100001 1111000 1101001 1100101 100000 101000 110010 110000 110001 110100 101001 1010
0x9e:110011 110101 101101 100000 1010011 1101000 1101001 1101110 1101001 1101110 1100111 100000 101000 110001 111001 111000 110000 101001 1010
0x9f:110011 110110 101101 100000 1001100 1100101 1110011 100000 1001001 1101110 1100110 1101001 1101100 1110100 1110010 11101001 1110011 100000 101000 110010 110000 110000 110110 101001 1010
0xa0:110011 110111 101101 100000 1010100 1101000 1100101 100000 1010100 1101000 1101001 1101110 1100111 100000 101000 110001 111001 111000 110010 101001 1010
0xa1:110011 111000 101101 100000 1001101 1100001 1100100 100000 1001101 1100001 1111000 111010 100000 1000110 1110101 1110010 1111001 100000 1010010 1101111 1100001 1100100 100000 101000 110010 110000 110001 110101 101001 1010
0xa2:110011 111001 101101 100000 1001001 1101100 100000 1100110 1100001 1110101 1110100 100000 1110011 1100001 1110101 1110110 1100101 1110010 100000 1101100 1100101 100000 1110011 1101111 1101100 1100100 1100001 1110100 100000 1010010 1111001 1100001 1101110 100000 101000 110001 111001 111001 111000 101001 1010
0xa3:110100 110000 101101 100000 110001 110010 100000 1101000 1101111 1101101 1101101 1100101 1110011 100000 1100101 1101110 100000 1100011 1101111 1101100 11101000 1110010 1100101 100000 101000 110001 111001 110101 110111 101001 1010
0xa4:110100 110001 101101 100000 1000101 1110100 1100101 1110010 1101110 1100001 1101100 100000 1010011 1110101 1101110 1110011 1101000 1101001 1101110 1100101 100000 1101111 1100110 100000 1110100 1101000 1100101 100000 1010011 1110000 1101111 1110100 1101100 1100101 1110011 1110011 100000 1001101 1101001 1101110 1100100 100000 101000 110010 110000 110000 110100 101001 1010
0xa5:110100 110010 101101 100000 1010100 1101000 1100101 1110010 1100101 100000 1010111 1101001 1101100 1101100 100000 1000010 1100101 100000 1000010 1101100 1101111 1101111 1100100 100000 101000 110010 110000 110000 111000 101001 1010
0xa6:110100 110011 101101 100000 1010110 1101111 1101100 100000 1100001 1110101 101101 1100100 1100101 1110011 1110011 1110101 1110011 100000 1100100 100111 1110101 1101110 100000 1101110 1101001 1100100 100000 1100100 1100101 100000 1100011 1101111 1110101 1100011 1101111 1110101 100000 101000 110001 111001 110111 110110 101001 1010
0xa7:110100 110100 101101 100000 1000111 1101100 1100001 1100100 1101001 1100001 1110100 1101111 1110010 100000 101000 110010 110000 110000 110000 101001 1010
0xa8:110100 110101 101101 100000 1000100 1110010 1101001 1110110 1100101 100000 101000 110010 110000 110001 110001 101001 1010
0xa9:110100 110110 101101 100000 1000011 1101001 1110100 1101001 1111010 1100101 1101110 100000 1001011 1100001 1101110 1100101 100000 101000 110001 111001 110100 110110 101001 1010
0xaa:110100 110111 101101 100000 1001001 1101110 1110100 1100101 1110010 1110011 1110100 1100101 1101100 1101100 1100001 1110010 100000 101000 110010 110000 110001 110100 101001 1010
0xab:110100 111000 101101 100000 1001100 1100101 100000 1010011 1101001 1101100 1100101 1101110 1100011 1100101 100000 1100100 1100101 1110011 100000 1000001 1100111 1101110 1100101 1100001 1110101 1111000 100000 101000 110001 111001 111001 110001 101001 1010
0xac:110100 111001 101101 100000 1010100 1110010 1100001 1101001 1101110 1110011 1110000 1101111 1110100 1110100 1101001 1101110 1100111 100000 101000 110001 111001 111001 110110 101001 1010
0xad:110101 110000 101101 100000 1001100 1100001 1110111 1110010 1100101 1101110 1100011 1100101 100000 1100100 100111 1000001 1110010 1100001 1100010 1101001 1100101 100000 101000 110001 111001 110110 110011 101001 1010
0xae:110101 110001 101101 100000 1001100 1100001 100000 1110110 1101001 1100101 100000 1100101 1110011 1110100 100000 1100010 1100101 1101100 1101100 1100101 100000 101000 110001 111001 110100 111000 101001 1010
0xaf:110101 110010 101101 100000 1001001 1101100 100000 11101001 1110100 1100001 1101001 1110100 100000 1110101 1101110 1100101 100000 1100110 1101111 1101001 1110011 100000 1100100 1100001 1101110 1110011 100000 1101100 100111 1001111 1110101 1100101 1110011 1110100 100000 101000 110001 111001 110110 111001 101001 1010
0xb0:110101 110011 101101 100000 1010000 1110011 1111001 1100011 1101000 1101111 1110011 1100101 100000 101000 110001 111001 110110 110000 101001 1010
0xb1:110101 110100 101101 100000 1010011 1110101 1100101 1110101 1110010 1110011 100000 1000110 1110010 1101111 1101001 1100100 1100101 1110011 100000 101000 110001 111001 110101 111000 101001 1010
0xb2:110101 110101 101101 100000 1001100 1100101 100000 1001100 1100001 1100010 1111001 1110010 1101001 1101110 1110100 1101000 1100101 100000 1100100 1100101 100000 1010000 1100001 1101110 100000 101000 110010 110000 110000 110110 101001 1010
0xb3:110101 110110 101101 100000 1010010 1100101 1110011 1100101 1110010 1110110 1101111 1101001 1110010 100000 1000100 1101111 1100111 1110011 100000 101000 110001 111001 111001 110010 101001 1010
0xb4:110101 110111 101101 100000 1010111 1101000 1101001 1110000 1101100 1100001 1110011 1101000 100000 101000 110010 110000 110001 110100 101001 1010
0xb5:110101 111000 101101 100000 1001001 1101110 1100111 1101100 1101111 1110101 1110010 1101001 1101111 1110101 1110011 100000 1000010 1100001 1110011 1110100 1100101 1110010 1100100 1110011 100000 101000 110010 110000 110000 111001 101001 1010
0xb6:110101 111001 101101 100000 1000101 101110 1010100 101110 100000 101000 110001 111001 111000 110010 101001 1010
0xb7:110110 110000 101101 100000 1000001 1101101 1100101 1110010 1101001 1100011 1100001 1101110 100000 1000010 1100101 1100001 1110101 1110100 1111001 100000 101000 110010 110000 110000 110000 101001 1010
0xb8:110110 110001 101101 100000 1000110 1101111 1110010 1110010 1100101 1110011 1110100 100000 1000111 1110101 1101101 1110000 100000 101000 110001 111001 111001 110100 101001 1010
0xb9:110110 110010 101101 100000 1001100 1100001 100000 1001100 1100001 100000 1001100 1100001 1101110 1100100 100000 101000 110010 110000 110001 110111 101001 1010
0xba:110110 110011 101101 100000 1000100 1101111 1101110 1101110 1101001 1100101 100000 1000100 1100001 1110010 1101011 1101111 100000 101000 110010 110000 110000 110010 101001 1010
0xbb:110110 110100 101101 100000 1001100 101110 1000001 101110 100000 1000011 1101111 1101110 1100110 1101001 1100100 1100101 1101110 1110100 1101001 1100001 1101100 100000 101000 110001 111001 111001 110111 101001 1010
0xbc:110110 110101 101101 100000 1000001 1110110 1100101 1101110 1100111 1100101 1110010 1110011 100000 101000 110010 110000 110001 110010 101001 1010
0xbd:110110 110110 101101 100000 1010011 1110100 1100001 1110010 100000 1010111 1100001 1110010 1110011 101100 100000 11101001 1110000 1101001 1110011 1101111 1100100 1100101 100000 1010110 1001001 111010 100000 1001100 1100101 100000 1010010 1100101 1110100 1101111 1110101 1110010 100000 1100100 1110101 100000 1001010 1100101 1100100 1101001 100000 101000 110001 111001 111000 110011 101001 1010
0xbe:110110 110111 101101 100000 1001101 1100101 1101101 1100101 1101110 1110100 1101111 100000 101000 110010 110000 110000 110000 101001 1010
0xbf:110110 111000 101101 100000 1000111 1101000 1101111 1110011 1110100 1100010 1110101 1110011 1110100 1100101 1110010 1110011 100000 101000 110001 111001 111000 110100 101001 1010
0xc0:110110 111001 101101 100000 1000011 1101000 1100001 1101110 1110100 1101111 1101110 1110011 100000 1110011 1101111 1110101 1110011 100000 1101100 1100001 100000 1110000 1101100 1110101 1101001 1100101 100000 101000 110001 111001 110101 110011 101001 1010
0xc1:110111 110000 101101 100000 1001100 1100101 100000 1010010 1101111 1101001 100000 1001100 1101001 1101111 1101110 100000 101000 110001 111001 111001 110100 101001 1010
0xc2:110111 110001 101101 100000 1001000 1101111 1110100 100000 1000110 1110101 1111010 1111010 100000 101000 110010 110000 110000 110111 101001 1010
0xc3:110111 110010 101101 100000 1000110 1100101 1101110 11101010 1110100 1110010 1100101 100000 1110011 1110101 1110010 100000 1000011 1101111 1110101 1110010 100000 101000 110001 111001 110101 110101 101001 1010
0xc4:110111 110011 101101 100000 1001100 1100101 1110011 100000 1010011 1100101 1110000 1110100 100000 1010011 1100001 1101101 1101111 1110101 1110010 1100001 11101111 1110011 100000 101000 110001 111001 110101 110101 101001 1010
0xc5:110111 110100 101101 100000 1001101 1110101 1101100 1101000 1101111 1101100 1101100 1100001 1101110 1100100 100000 1000100 1110010 1101001 1110110 1100101 100000 101000 110010 110000 110000 110001 101001 1010
0xc6:110111 110101 101101 100000 1000110 1100001 1110010 1100111 1101111 100000 101000 110001 111001 111001 110110 101001 1010
0xc7:110111 110110 101101 100000 1001111 1110010 1100001 1101110 1100111 1100101 100000 1001101 11101001 1100011 1100001 1101110 1101001 1110001 1110101 1100101 100000 101000 110001 111001 110111 110010 101001 1010
0xc8:110111 110111 101101 100000 1010100 1101111 1111001 100000 1010011 1110100 1101111 1110010 1111001 100000 101000 110001 111001 111001 110110 101001 1010
0xc9:110111 111000 101101 100000 1001111 1101100 1100100 100000 1000010 1101111 1111001 100000 101000 110010 110000 110000 110100 101001 1010
0xca:110111 111001 101101 100000 1000011 1100001 1110000 1110100 1100001 1101001 1101110 100000 1000001 1101101 1100101 1110010 1101001 1100011 1100001 111010 100000 1000011 1101001 1110110 1101001 1101100 100000 1010111 1100001 1110010 100000 101000 110010 110000 110001 110110 101001 1010
0xcb:111000 110000 101101 100000 1001100 1100101 100000 1010110 1101111 1111001 1100001 1100111 1100101 100000 1100100 1100101 100000 1000011 1101000 1101001 1101000 1101001 1110010 1101111 100000 101000 110010 110000 110000 110010 101001 1010
0xcc:111000 110001 101101 100000 1010100 1101000 1100101 100000 1010011 1101111 1100011 1101001 1100001 1101100 100000 1001110 1100101 1110100 1110111 1101111 1110010 1101011 100000 101000 110010 110000 110001 110000 101001 1010
0xcd:111000 110010 101101 100000 1000011 1100101 1110010 1110100 1100001 1101001 1101110 1110011 100000 1101100 100111 1100001 1101001 1101101 1100101 1101110 1110100 100000 1100011 1101000 1100001 1110101 1100100 100000 101000 110001 111001 110101 111001 101001 1010
0xce:111000 110011 101101 100000 1010100 1110010 1110101 1100101 100000 1010010 1101111 1101101 1100001 1101110 1100011 1100101 100000 101000 110001 111001 111001 110011 101001 1010
0xcf:111000 110100 101101 100000 1010010 1101111 1100011 1101011 1111001 100000 101000 110001 111001 110111 110110 101001 1010
0xd0:111000 110101 101101 100000 1001100 11101001 1101111 1101110 100000 101000 110001 111001 111001 110100 101001 1010
0xd1:111000 110110 101101 100000 1001001 1101110 1100100 1101001 1100001 1101110 1100001 100000 1001010 1101111 1101110 1100101 1110011 100000 1100101 1110100 100000 1101100 1100001 100000 1000100 1100101 1110010 1101110 1101001 11101000 1110010 1100101 100000 1000011 1110010 1101111 1101001 1110011 1100001 1100100 1100101 100000 101000 110001 111001 111000 111001 101001 1010
0xd2:111000 110111 101101 100000 1010000 1110010 1100101 1100100 1100001 1110100 1101111 1110010 100000 101000 110001 111001 111000 110111 101001 1010
0xd3:111000 111000 101101 100000 1001100 100111 1000101 1111000 1101111 1110010 1100011 1101001 1110011 1110100 1100101 100000 101000 110001 111001 110111 110100 101001 1010
0xd4:111000 111001 101101 100000 1010011 1101000 1100001 1110101 1101110 100000 1101111 1100110 100000 1110100 1101000 1100101 100000 1000100 1100101 1100001 1100100 100000 101000 110010 110000 110000 110101 101001 1010
0xd5:111001 110000 101101 100000 1001110 1101111 100000 1000011 1101111 1110101 1101110 1110100 1110010 1111001 100000 1000110 1101111 1110010 100000 1001111 1101100 1100100 100000 1001101 1100101 1101110 100000 101000 110010 110000 110000 111000 101001 1010
0xd6:111001 110001 101101 100000 1001100 1100101 100000 1010000 1110010 1100101 1110011 1110100 1101001 1100111 1100101 100000 101000 110010 110000 110000 110110 101001 1010
0xd7:111001 110010 101101 100000 1010100 1100101 1110010 1101101 1101001 1101110 1100001 1110100 1101111 1110010 100000 101000 110001 111001 111000 110101 101001 1010
0xd8:111001 110011 101101 100000 1010000 1110010 1101001 1101110 1100011 1100101 1110011 1110011 100000 1000010 1110010 1101001 1100100 1100101 100000 101000 110001 111001 111000 111001 101001 1010
0xd9:111001 110100 101101 100000 1001100 1101111 1110011 1110100 100000 1101001 1101110 100000 1010100 1110010 1100001 1101110 1110011 1101100 1100001 1110100 1101001 1101111 1101110 100000 101000 110010 110000 110000 110100 101001 1010
0xda:111001 110101 101101 100000 1010000 1110010 1100101 1101101 1101001 1100101 1110010 100000 1000011 1101111 1101110 1110100 1100001 1100011 1110100 100000 101000 110010 110000 110001 110110 101001 1010
0xdb:111001 110110 101101 100000 1010111 1101001 1101100 1101100 100000 1001000 1110101 1101110 1110100 1101001 1101110 1100111 100000 101000 110001 111001 111001 111000 101001 1010
0xdc:111001 110111 101101 100000 1010100 1101001 1110100 1100001 1101110 1101001 1100011 100000 101000 110001 111001 111001 111000 101001 1010
0xdd:111001 111000 101101 100000 1001100 1100101 100000 1100110 1100001 1100010 1110101 1101100 1100101 1110101 1111000 100000 1100100 1100101 1110011 1110100 1101001 1101110 100000 1100100 100111 1000001 1101101 11101001 1101100 1101001 1100101 100000 1010000 1101111 1110101 1101100 1100001 1101001 1101110 100000 101000 110010 110000 110000 110001 101001 1010
0xde:111001 111001 101101 100000 1010010 1100001 1100111 1101001 1101110 1100111 100000 1000010 1110101 1101100 1101100 100000 101000 110001 111001 111000 110001 101001 1010
0xdf:110001 110000 110000 101101 100000 1010011 1110100 1100001 1101110 1100100 100000 1100010 1111001 100000 1101101 1100101 100000 101000 110001 111001 111000 110111 101001
